1 2 3 4 5 6 
7 8 9 10 2 11 12 13 
1 2 3 4 14 15 8 16 
17 18 19 20 
1 2 3 4 21 22 23 24 25 
26 7 27 28 
29 30 31 32 33 34 
35 32 36 37 38 39 40 41 42 22 
43 18 33 44 4 45 
46 36 47 48 2 29 7 
1 2 45 49 12 50 
51 52 53 54 55 56 57 58 59 
33 60 45 18 32 36 61 
62 63 64 65 66 29 65 67 
17 1 2 45 31 19 68 
19 62 69 70 71 72 4 2 
29 73 74 75 76 77 78 
33 79 39 80 55 81 82 60 
43 18 33 44 4 45 46 36 47 48 
2 29 7 
83 60 84 85 86 
2 87 88 82 89 90 
79 2 91 38 92 
2 91 93 94 
83 60 84 85 86 
2 87 88 82 89 90 
79 2 91 38 92 
2 91 93 94 
79 2 95 38 10 
96 97 98 
99 26 17 100 52 
101 102 103 96 104 29 105 
2 106 31 107 4 12 108 95 
33 109 110 111 15 112 113 
99 26 17 100 52 101 96 
17 100 52 114 
29 7 60 45 100 74 115 116 
2 117 110 118 34 119 
120 26 17 
100 52 101 96 
96 121 122 123 58 124 29 103 96 104 29 125 126 104 
19 127 121 128 129 
32 36 130 131 
132 133 36 134 135 136 58 137 
124 96 104 138 139 
4 58 140 141 29 142 
103 96 104 143 58 144 145 146 
96 121 122 147 
36 148 29 149 150 151 152 153 150 
62 128 150 96 154 
110 155 124 96 121 133 156 38 110 157 
76 158 4 110 159 160 
36 124 96 104 150 161 93 162 121 163 
164 165 166 167 29 33 168 169 29 170 
36 162 156 124 96 104 171 172 173 174 139 4 58 142 173 
155 124 96 104 74 
65 175 176 177 178 
32 58 96 179 
180 96 181 4 58 141 
182 183 36 184 29 185 142 150 36 186 
187 173 188 189 33 190 
191 192 133 38 193 4 194 58 195 
196 39 197 198 199 36 200 201 
38 36 202 32 203 33 204 82 205 65 206 31 19 
207 192 8 208 
38 209 210 211 
212 192 8 213 
214 19 215 
216 192 8 38 193 4 106 
217 2 210 218 
191 192 8 124 
219 192 8 38 220 19 2 221 222 8 41 223 32 224 150 2 
225 192 8 173 226 173 227 19 36 228 4 58 229 230 231 
232 93 192 8 38 193 4 115 110 233 29 220 234 235 41 236 
237 192 8 38 238 2 210 239 240 10 95 11 12 10 241 
207 192 8 208 
38 209 210 211 
212 192 8 213 214 19 215 
216 192 8 38 193 4 106 217 2 210 218 
76 191 192 8 124 
43 124 242 124 
243 192 244 32 245 29 246 
247 248 18 73 249 
250 251 252 76 253 54 57 192 133 254 255 7 51 256 31 19 32 55 257 
32 242 124 258 31 8 124 
43 207 192 8 208 38 209 210 211 
212 192 8 
213 214 19 215 
216 192 8 38 193 4 106 217 
2 210 218 259 191 192 8 124 
260 260 124 
261 242 124 
29 262 263 
264 265 266 32 55 257 
260 267 
268 95 8 38 269 110 270 271 
110 272 273 
58 96 133 274 
135 117 72 150 275 29 276 
36 275 277 278 279 
133 117 150 280 281 29 282 
283 284 150 58 96 133 285 
36 286 287 150 58 96 288 124 96 289 
96 122 123 151 152 153 290 150 36 96 29 
291 58 96 57 292 293 294 
65 74 12 295 152 296 
297 96 122 168 298 
185 299 300 185 301 
302 303 150 304 29 110 305 150 306 307 32 58 308 
309 132 310 
255 58 96 311 312 172 313 139 4 36 314 150 58 144 
315 165 96 
110 119 133 110 316 152 317 32 36 318 
31 133 176 278 110 319 
110 119 175 12 34 
31 175 12 320 36 321 150 36 322 152 323 
110 34 119 74 123 324 
325 326 327 96 179 152 130 
110 328 133 110 37 117 329 110 330 331 332 173 
110 333 334 152 335 336 
110 337 338 57 36 339 340 150 37 341 32 36 342 
343 133 110 344 287 150 36 345 340 
346 37 338 32 347 348 150 343 
36 349 150 350 351 
7 352 45 255 18 19 353 
31 82 244 56 32 354 2 355 
18 38 110 356 150 357 
31 82 19 244 358 76 359 210 360 
7 45 287 150 22 361 36 362 7 363 192 10 77 364 365 
18 312 118 366 359 367 152 366 359 368 
31 8 36 369 10 370 371 93 372 
29 36 373 374 133 7 60 106 79 24 221 375 376 10 377 378 
76 7 60 106 79 7 379 
7 361 268 380 381 382 383 29 384 382 385 
76 7 82 386 387 74 36 388 12 389 2 390 391 392 393 33 174 38 394 395 255 359 396 42 397 
398 359 361 10 255 359 363 399 
7 400 7 82 401 55 402 
7 45 10 36 403 287 150 31 19 404 207 405 
31 8 207 399 
196 406 110 73 110 407 408 409 
7 8 32 58 410 2 52 22 215 
2 239 411 2 239 411 2 239 22 
7 400 2 412 413 29 7 400 7 414 10 
29 255 7 415 416 2 417 110 418 56 
419 411 419 411 419 22 
29 264 420 421 255 264 422 4 22 
29 7 423 36 424 133 54 22 
259 7 361 2 425 426 255 2 427 32 
33 428 54 22 17 
429 22 4 430 209 210 431 
432 2 433 22 434 435 
7 361 2 425 426 255 2 427 32 
33 428 54 22 17 
429 22 4 430 209 210 431 
17 24 436 54 36 98 416 437 
235 438 439 210 256 2 440 
441 359 442 106 10 264 36 443 444 
39 445 39 445 39 446 
17 7 447 2 381 54 57 448 54 36 273 
110 270 449 32 58 450 133 19 451 221 12 
29 17 7 452 17 7 452 17 7 256 
359 8 420 421 255 359 218 22 
29 7 423 36 453 133 54 411 454 
33 428 54 22 17 
429 22 4 430 209 210 431 
432 2 433 22 434 435 
33 428 54 22 17 
429 22 4 430 209 210 431 
17 24 436 54 36 98 416 437 
29 36 455 456 244 457 32 
10 2 210 458 22 152 459 152 460 152 461 267 
7 361 2 425 426 255 2 427 32 
33 428 54 22 17 
429 22 4 430 209 210 431 
432 2 433 22 434 435 
7 361 2 425 426 255 2 427 32 462 425 41 463 2 425 41 464 
33 428 54 22 17 
429 22 4 430 209 210 431 
17 24 436 54 36 98 416 437 
7 361 2 425 426 255 2 427 32 
7 60 106 79 2 106 392 2 168 465 2 206 392 2 466 
7 467 240 382 468 
52 469 32 55 470 
262 15 471 472 473 
7 252 54 382 297 474 475 
76 7 476 477 116 467 
42 478 262 15 471 472 473 
76 7 479 480 
476 481 482 483 253 
18 38 7 52 77 484 
32 55 195 
485 486 375 12 487 
259 36 488 375 489 489 489 489 490 
29 36 491 375 492 492 492 492 493 
494 375 495 495 495 495 316 
29 36 496 375 497 497 497 497 498 
7 499 31 500 7 499 31 501 
7 210 502 110 503 
24 504 54 55 505 
29 262 15 65 60 452 473 
262 15 65 60 452 473 
24 506 54 55 507 508 54 55 509 
7 477 36 510 72 173 7 252 511 72 173 7 512 
29 262 15 65 60 513 473 
262 15 65 60 513 473 
76 7 479 480 
476 481 482 483 514 
18 38 7 52 77 484 
32 55 195 
485 486 375 12 487 
259 36 488 375 489 489 489 489 490 
29 36 491 375 492 492 492 492 493 
26 24 82 375 515 515 515 515 499 
7 499 31 500 7 499 31 501 
82 45 516 112 431 517 518 29 240 46 36 519 29 36 520 521 522 150 36 523 
2 524 431 517 518 4 77 525 526 
55 527 528 268 270 529 
530 38 24 82 375 531 
29 4 36 532 283 223 93 36 533 47 534 
482 2 535 54 353 536 100 74 515 515 499 
259 36 488 375 489 489 489 489 490 
29 36 491 375 492 492 492 492 493 537 375 538 
539 122 540 541 168 542 10 543 123 36 544 545 
223 168 546 128 150 539 547 
332 542 74 123 36 377 548 133 549 29 550 551 36 186 
114 93 36 552 168 312 553 554 76 74 176 555 4 556 557 558 255 559 560 
31 133 561 4 256 110 562 563 79 2 564 10 2 152 110 458 151 565 57 110 539 566 
36 128 150 567 568 569 539 547 570 151 571 347 572 32 573 
2 70 574 376 575 576 36 577 578 29 579 580 
79 2 581 96 32 58 582 152 583 584 58 562 585 
185 567 150 110 586 587 588 300 589 29 590 591 592 
36 593 594 150 539 122 351 54 58 595 596 173 597 173 387 597 58 144 598 4 599 
79 2 581 10 58 567 600 601 152 602 283 603 604 58 605 
58 606 607 175 608 609 465 58 256 610 611 612 
